positive_matches/1627598501.633651.jpg 8 379 331 314 213 437 538 227 136 226 553 226 95 300 449 168 134 470 242 171 128 638 224 114 105 493 179 136 88 353 637 258 125
positive_matches/1627598508.8834682.jpg 7 1166 235 211 107 1167 348 256 105 1223 457 231 129 1396 401 76 154 1440 526 111 151 1284 578 195 172 1403 678 203 96
positive_matches/1627598521.8062005.jpg 1 427 591 854 372
positive_matches/1627598526.7245607.jpg 3 374 191 353 204 224 364 383 234 278 283 177 137
positive_matches/1627598540.1188426.jpg 2 54 344 719 263 688 415 172 188
positive_matches/1627598578.2086124.jpg 9 24 190 1363 112 566 282 224 267 526 434 220 314 36 535 537 106 38 725 733 268 320 632 289 181 758 752 1063 172 751 916 637 61 758 288 722 43
positive_matches/1627598587.4016645.jpg 1 682 268 773 180
positive_matches/1627598615.9531412.jpg 3 1187 530 257 222 1284 385 284 329 866 710 664 166
positive_matches/1627598638.2867398.jpg 4 1041 492 379 141 1196 361 347 158 468 531 234 136 840 356 205 60
positive_matches/1627598657.6061716.jpg 4 42 410 683 180 13 242 160 183 705 142 182 147 884 234 178 58
positive_matches/1627598669.6517074.jpg 2 765 161 413 162 540 286 876 126
positive_matches/1627598696.3060846.jpg 1 839 113 318 110
positive_matches/1627598854.3374295.jpg 2 487 236 158 167 939 240 211 131
positive_matches/1627599180.0451674.jpg 5 685 406 271 290 936 490 387 216 1120 641 349 141 1280 550 156 122 1261 742 267 128
positive_matches/1627599191.3062046.jpg 2 1039 315 325 377 1313 355 222 240
positive_matches/1627599221.5727525.jpg 7 1092 624 319 320 949 720 303 230 337 711 315 275 272 838 169 158 946 144 129 118 942 253 48 69 1076 151 200 62
positive_matches/1627599227.7748191.jpg 8 516 216 223 203 460 293 110 152 370 418 119 131 1031 192 182 155 1007 326 193 84 493 409 258 96 1046 845 469 187 311 493 170 111
positive_matches/1627599235.4920852.jpg 5 736 130 228 186 733 254 239 189 691 406 177 165 563 818 906 141 1490 686 113 215
positive_matches/1627599241.3573177.jpg 5 1180 198 210 93 1247 374 223 275 1268 622 257 294 1442 468 112 155 1232 279 173 168
positive_matches/1627599257.3182619.jpg 7 720 142 195 164 652 213 133 164 623 370 139 179 1039 386 100 156 1275 408 169 140 1117 439 193 58 935 293 200 49
positive_matches/1627599308.9558372.jpg 3 1091 370 356 244 1360 268 193 208 1406 443 163 180
positive_matches/1627599317.0099974.jpg 7 515 412 311 206 1104 420 362 156 863 270 262 131 780 402 116 217 1011 392 134 191 767 617 201 291 1201 623 76 283
positive_matches/1627599322.5637283.jpg 7 1188 362 325 200 1127 554 221 80 1050 229 142 104 1132 333 105 229 853 602 104 330 783 354 72 230 786 570 205 56
positive_matches/1627599359.2576072.jpg 3 1185 633 404 184 1301 393 159 260 1261 282 124 117
positive_matches/1627602803.6976187.jpg 8 789 187 355 146 1080 190 135 101 803 278 71 117 707 214 115 124 662 193 139 101 880 314 85 73 1013 766 254 186 1187 918 300 115
positive_matches/1627602809.9812527.jpg 9 520 200 292 321 724 171 129 89 455 491 221 182 375 283 203 268 206 425 269 217 430 195 148 123 322 294 129 200 537 160 178 88 391 624 236 155
positive_matches/1627602820.0980887.jpg 7 486 190 367 211 802 224 129 243 636 388 194 150 425 379 231 347 363 234 202 216 119 383 323 250 122 730 357 130
positive_matches/1627602851.7833207.jpg 6 705 240 454 36 828 254 338 145 987 371 378 84 1068 437 214 219 1283 404 167 135 1170 331 240 105
positive_matches/1627602875.763729.jpg 4 428 307 699 66 723 221 395 112 753 153 363 107 910 120 278 115
positive_matches/1627602885.5626857.jpg 2 218 223 519 272 699 376 106 136
positive_matches/1627602896.6330757.jpg 5 1165 260 272 174 1328 380 215 163 1412 297 158 149 1391 532 184 118 1235 186 176 111
positive_matches/1627602903.6027453.jpg 5 733 112 377 138 1154 421 349 130 1296 537 245 111 1462 640 108 135 1442 345 126 335
positive_matches/1627602917.6138086.jpg 3 1169 569 391 302 1379 418 178 190 917 800 628 160
